seting up mobius table...Done
Precision set to 192
M0 = 1.337324605540517918044122305356e-01
M1 = 2.071012166337332852483948906342e-01
M2 = 4.030003593292846683073150474832e-01
M3 = 7.842024892917931508024505135918e-01
M4 = 1.525987582827340946109750020678e+00
